------------------------------------------
CARD 1 - 1236548
------------------------------------------
Card Format: HID 96 (0x02)
Number of Bits: 192

Number of Wiegand Bits: 48
Wiegand Card Data (Binary):
1 1 0 0 0 0 0 0 0 0 0 0 1 1 1 1 1 1 1 1 1 1 1 1 0 0 1 0 0 1 0 1 1 0 1 1 1 1 0 0 
1 0 0 0 1 0 0 1 

Raw Card Data (Hexadecimal):
1D 96 A9 55 55 55 55 55 55 55 55 56 A5 55 55 AA 
AA AA 59 66 9A A5 95 96 

Raw Card Data (Binary):
00011101 10010110 10101001 01010101 01010101 
01010101 01010101 01010101 01010101 01010101 
01010101 01010110 10100101 01010101 01010101 
10101010 10101010 10101010 01011001 01100110 
10011010 10100101 10010101 10010110 

------------------------------------------
CARD 2 - 5102376
------------------------------------------
Card Format: HID 96 (0x02)
Number of Bits: 192

Number of Wiegand Bits: 48
Wiegand Card Data (Binary):
1 0 0 0 0 0 0 0 0 0 0 0 1 1 1 1 1 1 1 1 1 1 1 1 1 0 0 1 1 0 1 1 1 0 1 1 0 1 1 0 
0 1 0 1 0 0 0 0 

Raw Card Data (Hexadecimal):
1D 96 A9 55 55 55 55 55 55 55 55 56 95 55 55 AA 
AA AA 96 9A 9A 69 66 55 

Raw Card Data (Binary):
00011101 10010110 10101001 01010101 01010101 
01010101 01010101 01010101 01010101 01010101 
01010101 01010110 10010101 01010101 01010101 
10101010 10101010 10101010 10010110 10011010 
10011010 01101001 01100110 01010101 


------------------------------------------
CARD 3 - 3901234
------------------------------------------
Card Format: HID 96 (0x02)
Number of Bits: 192

Number of Wiegand Bits: 48
Wiegand Card Data (Binary):
1 0 0 0 0 0 0 0 0 0 0 0 1 1 1 1 1 1 1 1 1 1 1 1 0 1 1 1 0 1 1 1 0 0 0 0 1 1 1 0 
0 1 1 0 0 1 0 0 

Raw Card Data (Hexadecimal):
1D 96 A9 55 55 55 55 55 55 55 55 56 95 55 55 AA 
AA AA 6A 6A 55 A9 69 65 

Raw Card Data (Binary):
00011101 10010110 10101001 01010101 01010101 
01010101 01010101 01010101 01010101 01010101 
01010101 01010110 10010101 01010101 01010101 
10101010 10101010 10101010 01101010 01101010 
01010101 10101001 01101001 01100101 


------------------------------------------
CARD 4 - 6531892
------------------------------------------
Card Format: HID 96 (0x02)
Number of Bits: 192

Number of Wiegand Bits: 48
Wiegand Card Data (Binary):
0 1 0 0 0 0 0 0 0 0 0 0 1 1 1 1 1 1 1 1 1 1 1 1 1 1 0 0 0 1 1 1 0 1 0 1 0 1 1 0 
0 1 1 0 1 0 0 0 

Raw Card Data (Hexadecimal):
1D 96 A9 55 55 55 55 55 55 55 55 56 65 55 55 AA 
AA AA A5 6A 66 69 69 95 

Raw Card Data (Binary):
00011101 10010110 10101001 01010101 01010101 
01010101 01010101 01010101 01010101 01010101 
01010101 01010110 01100101 01010101 01010101 
10101010 10101010 10101010 10100101 01101010 
01100110 01101001 01101001 10010101 