Card 1

Card Format: HID 96 (0x02)
Number of Bits: 192

Number of Wiegand Bits: 48
Wiegand Card Data (Binary):
1 1 0 0 0 0 0 0 0 0 0 1 0 0 1 0 1 1 0 0 0 1 1 1 0 0 0 0 0 0 0 0 0 0 0 0 0 0 0 0 
1 0 0 1 1 0 0 1 

Raw Card Data (Hexadecimal):
1D 96 A9 55 55 55 55 55 55 55 55 56 A5 55 56 59 
A5 6A 55 55 55 55 96 96 

Raw Card Data (Binary):
00011101 10010110 10101001 01010101 01010101 
01010101 01010101 01010101 01010101 01010101 
01010101 01010110 10100101 01010101 01010110 
01011001 10100101 01101010 01010101 01010101 
01010101 01010101 10010110 10010110 


Card 2

Card Format: HID 96 (0x02)
Number of Bits: 192

Number of Wiegand Bits: 48
Wiegand Card Data (Binary):
1 1 0 0 0 0 0 0 0 0 0 1 0 0 1 0 1 1 0 0 0 1 1 1 0 0 0 0 0 0 0 0 0 0 0 0 0 0 0 0 
1 0 1 0 0 1 1 0 

Raw Card Data (Hexadecimal):
1D 96 A9 55 55 55 55 55 55 55 55 56 A5 55 56 59 
A5 6A 55 55 55 55 99 69 

Raw Card Data (Binary):
00011101 10010110 10101001 01010101 01010101 
01010101 01010101 01010101 01010101 01010101 
01010101 01010110 10100101 01010101 01010110 
01011001 10100101 01101010 01010101 01010101 
01010101 01010101 10011001 01101001 


Card 3


Card Format: HID 96 (0x02)
Number of Bits: 192

Number of Wiegand Bits: 48
Wiegand Card Data (Binary):
1 1 0 0 0 0 0 0 0 0 0 1 0 0 1 0 1 1 0 0 0 1 1 1 0 0 0 0 0 0 0 0 0 0 0 0 0 0 0 0 
1 1 0 0 0 0 1 1 

Raw Card Data (Hexadecimal):
1D 96 A9 55 55 55 55 55 55 55 55 56 A5 55 56 59 
A5 6A 55 55 55 55 A5 5A 

Raw Card Data (Binary):
00011101 10010110 10101001 01010101 01010101 
01010101 01010101 01010101 01010101 01010101 
01010101 01010110 10100101 01010101 01010110 
01011001 10100101 01101010 01010101 01010101 
01010101 01010101 10100101 01011010 


Card 4


Card Format: HID 96 (0x02)
Number of Bits: 192

Number of Wiegand Bits: 48
Wiegand Card Data (Binary):
0 0 0 0 0 0 0 0 0 0 0 1 0 0 1 0 1 1 0 0 0 1 1 1 0 0 0 0 0 0 0 0 0 0 0 0 0 0 0 1 
0 0 1 0 1 1 0 0 

Raw Card Data (Hexadecimal):
1D 96 A9 55 55 55 55 55 55 55 55 56 55 55 56 59 
A5 6A 55 55 55 56 59 A5 

Raw Card Data (Binary):
00011101 10010110 10101001 01010101 01010101 
01010101 01010101 01010101 01010101 01010101 
01010101 01010110 01010101 01010101 01010110 
01011001 10100101 01101010 01010101 01010101 
01010101 01010110 01011001 10100101 